              precision    recall  f1-score   support

           0       1.00      0.62      0.76        21
           1       0.91      0.96      0.93       200
          10       0.98      1.00      0.99       197
          11       0.97      0.99      0.98       143
          12       0.99      0.99      0.99       216
          13       0.99      1.00      0.99       211
          14       0.98      1.00      0.99        82
          15       0.98      0.98      0.98        63
          16       1.00      0.96      0.98        52
          17       0.97      0.99      0.98       110
          18       0.98      0.90      0.94       111
          19       0.81      0.77      0.79        22
           2       0.98      0.91      0.94       234
          20       0.86      0.84      0.85        37
          21       0.97      0.94      0.96        34
          22       0.97      0.93      0.95        41
          23       0.98      0.88      0.93        59
          24       1.00      0.75      0.86        24
          25       0.92      0.97      0.95       151
          26       0.84      0.98      0.91        55
          27       1.00      0.92      0.96        25
          28       0.98      0.98      0.98        55
          29       0.95      0.76      0.84        25
           3       0.99      0.88      0.93       135
          30       0.91      0.91      0.91        43
          31       0.98      0.97      0.97        88
          32       0.96      0.80      0.87        30
          33       0.99      0.96      0.97        81
          34       0.95      0.98      0.97        43
          35       0.98      0.99      0.99       135
          36       1.00      0.93      0.96        42
          37       1.00      0.88      0.93        24
          38       0.96      1.00      0.98       218
          39       1.00      1.00      1.00        20
           4       0.95      0.98      0.96       224
          40       0.97      0.94      0.95        32
          41       1.00      1.00      1.00        25
          42       1.00      1.00      1.00        22
           5       0.85      0.99      0.92       192
           6       0.96      1.00      0.98        47
           7       0.94      0.94      0.94       132
           8       0.99      0.91      0.94       159
           9       0.97      1.00      0.99       132

    accuracy                           0.96      3992
   macro avg       0.96      0.93      0.94      3992
weighted avg       0.96      0.96      0.96      3992
